#param = -DDIM=4 -DLARGEUR=25
#Score:		eval		Time
#mean	ci	mean	ci	
32.9	0.7	6.0	0.0	4.2
138.7	0.3	10001.0	0.0	4.2
144.5	0.3	20001.0	0.0	4.2
147.8	0.3	30001.0	0.0	4.2
150.1	0.3	40001.0	0.0	4.2
152.1	0.3	50001.0	0.0	4.2
153.7	0.3	60001.0	0.0	4.2
155.0	0.3	70001.0	0.0	4.2
156.1	0.3	80001.0	0.0	4.2
157.0	0.3	90001.0	0.0	4.2
157.8	0.3	100001.0	0.0	4.2
158.6	0.3	110001.0	0.0	4.2
159.4	0.3	120001.0	0.0	4.2
160.1	0.3	130001.0	0.0	4.2
160.7	0.3	140001.0	0.0	4.2
161.3	0.3	150001.0	0.0	4.2
161.8	0.3	160001.0	0.0	4.2
162.4	0.3	170001.0	0.0	4.2
162.9	0.3	180001.0	0.0	4.2
163.3	0.3	190001.0	0.0	4.2
163.7	0.2	200001.0	0.0	4.2
164.2	0.2	210001.0	0.0	4.2
164.6	0.2	220001.0	0.0	4.2
165.0	0.2	230001.0	0.0	4.2
165.3	0.2	240001.0	0.0	4.2
165.7	0.2	250001.0	0.0	4.2
166.1	0.2	260001.0	0.0	4.2
166.4	0.2	270001.0	0.0	4.2
166.8	0.2	280001.0	0.0	4.2
167.0	0.2	290001.0	0.0	4.2
167.3	0.2	300001.0	0.0	4.2
167.6	0.2	310001.0	0.0	4.2
167.9	0.2	320001.0	0.0	4.2
168.2	0.2	330001.0	0.0	4.2
168.5	0.2	340001.0	0.0	4.2
168.7	0.2	350001.0	0.0	4.2
169.0	0.2	360001.0	0.0	4.2
169.3	0.2	370001.0	0.0	4.2
169.5	0.2	380001.0	0.0	4.2
169.8	0.2	390001.0	0.0	4.2
170.0	0.2	400001.0	0.0	4.2
170.2	0.2	410001.0	0.0	4.2
170.4	0.2	420001.0	0.0	4.2
170.7	0.2	430001.0	0.0	4.2
170.9	0.2	440001.0	0.0	4.2
171.1	0.2	450001.0	0.0	4.2
171.3	0.2	460001.0	0.0	4.2
171.5	0.2	470001.0	0.0	4.2
171.7	0.2	480001.0	0.0	4.2
171.9	0.2	490001.0	0.0	4.2
172.1	0.2	500001.0	0.0	4.2
172.3	0.2	510001.0	0.0	4.2
172.4	0.2	520001.0	0.0	4.2
172.6	0.2	530001.0	0.0	4.2
172.8	0.2	540001.0	0.0	4.2
172.9	0.2	550001.0	0.0	4.2
173.1	0.2	560001.0	0.0	4.2
173.3	0.2	570001.0	0.0	4.2
173.4	0.2	580001.0	0.0	4.2
173.6	0.2	590001.0	0.0	4.2
173.7	0.2	600001.0	0.0	4.2
173.9	0.2	610001.0	0.0	4.2
174.0	0.2	620001.0	0.0	4.2
174.1	0.2	630001.0	0.0	4.2
174.3	0.2	640001.0	0.0	4.2
174.4	0.2	650001.0	0.0	4.2
174.5	0.1	660001.0	0.0	4.2
174.6	0.1	670001.0	0.0	4.2
174.7	0.1	680001.0	0.0	4.2
174.8	0.1	690001.0	0.0	4.2
174.9	0.1	700001.0	0.0	4.2
175.1	0.1	710001.0	0.0	4.2
175.1	0.1	720001.0	0.0	4.2
175.2	0.1	730001.0	0.0	4.2
175.3	0.1	740001.0	0.0	4.2
175.4	0.1	750001.0	0.0	4.2
175.5	0.1	760001.0	0.0	4.2
175.6	0.1	770001.0	0.0	4.2
175.7	0.1	780001.0	0.0	4.2
175.8	0.1	790001.0	0.0	4.2
175.9	0.1	800001.0	0.0	4.2
176.0	0.1	810001.0	0.0	4.2
176.1	0.1	820001.0	0.0	4.2
176.1	0.1	830001.0	0.0	4.2
176.2	0.1	840001.0	0.0	4.2
176.3	0.1	850001.0	0.0	4.2
176.4	0.1	860001.0	0.0	4.2
176.4	0.1	870001.0	0.0	4.2
176.5	0.1	880001.0	0.0	4.2
176.5	0.1	890001.0	0.0	4.2
176.6	0.1	900001.0	0.0	4.2
176.7	0.1	910001.0	0.0	4.2
176.7	0.1	920001.0	0.0	4.2
176.8	0.1	930001.0	0.0	4.2
176.8	0.1	940001.0	0.0	4.2
176.9	0.1	950001.0	0.0	4.2
176.9	0.1	960001.0	0.0	4.2
177.0	0.1	970001.0	0.0	4.2
177.0	0.1	980001.0	0.0	4.2
177.1	0.1	990001.0	0.0	4.2
177.1	0.1	1000001.0	0.0	4.2


#param = -DDIM=9 -DLARGEUR=10
#Score:		eval		Time
#mean	ci	mean	ci	
68.6	0.8	11.0	0.0	1.7
146.4	0.2	20001.0	0.0	1.7
148.9	0.1	40001.0	0.0	1.7
150.1	0.1	60001.0	0.0	1.7
150.8	0.1	80001.0	0.0	1.7
151.4	0.1	100001.0	0.0	1.7
151.7	0.1	120001.0	0.0	1.7
152.1	0.1	140001.0	0.0	1.7
152.3	0.1	160001.0	0.0	1.7
152.5	0.1	180001.0	0.0	1.7
152.7	0.1	200001.0	0.0	1.7
152.9	0.1	220001.0	0.0	1.7
153.1	0.1	240001.0	0.0	1.7
153.2	0.1	260001.0	0.0	1.7
153.4	0.1	280001.0	0.0	1.7
153.5	0.1	300001.0	0.0	1.7
153.6	0.1	320001.0	0.0	1.7
153.7	0.1	340001.0	0.0	1.7
153.8	0.1	360001.0	0.0	1.7
153.9	0.0	380001.0	0.0	1.7
154.0	0.0	400001.0	0.0	1.7
154.1	0.0	420001.0	0.0	1.7
154.2	0.0	440001.0	0.0	1.7
154.2	0.0	460001.0	0.0	1.7
154.3	0.0	480001.0	0.0	1.7
154.4	0.0	500001.0	0.0	1.7
154.4	0.0	520001.0	0.0	1.7
154.5	0.0	540001.0	0.0	1.7
154.5	0.0	560001.0	0.0	1.7
154.6	0.0	580001.0	0.0	1.7
154.7	0.0	600001.0	0.0	1.7
154.7	0.0	620001.0	0.0	1.7
154.8	0.0	640001.0	0.0	1.7
154.8	0.0	660001.0	0.0	1.7
154.9	0.0	680001.0	0.0	1.7
154.9	0.0	700001.0	0.0	1.7
155.0	0.0	720001.0	0.0	1.7
155.0	0.0	740001.0	0.0	1.7
155.1	0.0	760001.0	0.0	1.7
155.1	0.0	780001.0	0.0	1.7
155.1	0.0	800001.0	0.0	1.7
155.2	0.0	820001.0	0.0	1.7
155.2	0.0	840001.0	0.0	1.7
155.3	0.0	860001.0	0.0	1.7
155.3	0.0	880001.0	0.0	1.7
155.3	0.0	900001.0	0.0	1.7
155.3	0.0	920001.0	0.0	1.7
155.4	0.0	940001.0	0.0	1.7
155.4	0.0	960001.0	0.0	1.7
155.4	0.0	980001.0	0.0	1.7
155.5	0.0	1000001.0	0.0	1.7
155.5	0.0	1020001.0	0.0	1.7
155.5	0.0	1040001.0	0.0	1.7
155.5	0.0	1060001.0	0.0	1.7
155.5	0.0	1080001.0	0.0	1.7
155.5	0.0	1100001.0	0.0	1.7
155.5	0.0	1120001.0	0.0	1.7
155.5	0.0	1140001.0	0.0	1.7
155.6	0.0	1160001.0	0.0	1.7
155.6	0.0	1180001.0	0.0	1.7
155.6	0.0	1200001.0	0.0	1.7
155.6	0.0	1220001.0	0.0	1.7
155.6	0.0	1240001.0	0.0	1.7
155.6	0.0	1260001.0	0.0	1.7
155.6	0.0	1280001.0	0.0	1.7
155.6	0.0	1300001.0	0.0	1.7
155.6	0.0	1320001.0	0.0	1.7
155.6	0.0	1340001.0	0.0	1.7
155.6	0.0	1360001.0	0.0	1.7
155.6	0.0	1380001.0	0.0	1.7
155.6	0.0	1400001.0	0.0	1.7
155.7	0.0	1420001.0	0.0	1.7
155.7	0.0	1440001.0	0.0	1.7
155.7	0.0	1460001.0	0.0	1.7
155.7	0.0	1480001.0	0.0	1.7
155.7	0.0	1500001.0	0.0	1.7
155.7	0.0	1520001.0	0.0	1.7
155.7	0.0	1540001.0	0.0	1.7
155.7	0.0	1560001.0	0.0	1.7
155.7	0.0	1580001.0	0.0	1.7
155.7	0.0	1600001.0	0.0	1.7
155.7	0.0	1620001.0	0.0	1.7
155.7	0.0	1640001.0	0.0	1.7
155.7	0.0	1660001.0	0.0	1.7
155.7	0.0	1680001.0	0.0	1.7
155.7	0.0	1700001.0	0.0	1.7
155.7	0.0	1720001.0	0.0	1.7
155.7	0.0	1740001.0	0.0	1.7
155.7	0.0	1760001.0	0.0	1.7
155.7	0.0	1780001.0	0.0	1.7
155.7	0.0	1800001.0	0.0	1.7
155.7	0.0	1820001.0	0.0	1.7
155.7	0.0	1840001.0	0.0	1.7
155.7	0.0	1860001.0	0.0	1.7
155.7	0.0	1880001.0	0.0	1.7
155.7	0.0	1900001.0	0.0	1.7
155.7	0.0	1920001.0	0.0	1.7
155.7	0.0	1940001.0	0.0	1.7
155.7	0.0	1960001.0	0.0	1.7
155.7	0.0	1980001.0	0.0	1.7
155.7	0.0	2000001.0	0.0	1.7


#param = -DDIM=8 -DLARGEUR=20
#Score:		eval		Time
#mean	ci	mean	ci	
137.9	1.7	10.0	0.0	5.1
378.1	0.4	18001.0	0.0	5.1
387.5	0.4	36001.0	0.0	5.1
392.4	0.4	54001.0	0.0	5.1
395.9	0.3	72001.0	0.0	5.1
398.5	0.3	90001.0	0.0	5.1
400.5	0.3	108001.0	0.0	5.1
402.4	0.3	126001.0	0.0	5.1
404.0	0.3	144001.0	0.0	5.1
405.2	0.3	162001.0	0.0	5.1
406.4	0.3	180001.0	0.0	5.1
407.5	0.3	198001.0	0.0	5.1
408.4	0.3	216001.0	0.0	5.1
409.2	0.3	234001.0	0.0	5.1
410.1	0.3	252001.0	0.0	5.1
410.9	0.3	270001.0	0.0	5.1
411.7	0.3	288001.0	0.0	5.1
412.5	0.2	306001.0	0.0	5.1
413.2	0.2	324001.0	0.0	5.1
413.9	0.2	342001.0	0.0	5.1
414.4	0.2	360001.0	0.0	5.1
415.0	0.2	378001.0	0.0	5.1
415.5	0.2	396001.0	0.0	5.1
416.2	0.2	414001.0	0.0	5.1
416.7	0.2	432001.0	0.0	5.1
417.2	0.2	450001.0	0.0	5.1
417.9	0.2	468001.0	0.0	5.1
418.3	0.2	486001.0	0.0	5.1
418.8	0.2	504001.0	0.0	5.1
419.3	0.2	522001.0	0.0	5.1
419.8	0.2	540001.0	0.0	5.1
420.3	0.2	558001.0	0.0	5.1
420.8	0.2	576001.0	0.0	5.1
421.3	0.2	594001.0	0.0	5.1
421.8	0.2	612001.0	0.0	5.1
422.2	0.2	630001.0	0.0	5.1
422.7	0.2	648001.0	0.0	5.1
423.2	0.2	666001.0	0.0	5.1
423.6	0.2	684001.0	0.0	5.1
423.9	0.2	702001.0	0.0	5.1
424.4	0.2	720001.0	0.0	5.1
424.7	0.2	738001.0	0.0	5.1
425.1	0.2	756001.0	0.0	5.1
425.5	0.2	774001.0	0.0	5.1
425.9	0.2	792001.0	0.0	5.1
426.2	0.2	810001.0	0.0	5.1
426.6	0.2	828001.0	0.0	5.1
427.0	0.2	846001.0	0.0	5.1
427.4	0.2	864001.0	0.0	5.1
427.7	0.2	882001.0	0.0	5.1
428.0	0.2	900001.0	0.0	5.1
428.3	0.2	918001.0	0.0	5.1
428.6	0.2	936001.0	0.0	5.1
429.0	0.2	954001.0	0.0	5.1
429.3	0.2	972001.0	0.0	5.1
429.5	0.2	990001.0	0.0	5.1
429.8	0.2	1008001.0	0.0	5.1
430.1	0.2	1026001.0	0.0	5.1
430.3	0.2	1044001.0	0.0	5.1
430.6	0.2	1062001.0	0.0	5.1
430.8	0.2	1080001.0	0.0	5.1
431.0	0.2	1098001.0	0.0	5.1
431.3	0.2	1116001.0	0.0	5.1
431.5	0.2	1134001.0	0.0	5.1
431.7	0.2	1152001.0	0.0	5.1
432.0	0.2	1170001.0	0.0	5.1
432.2	0.2	1188001.0	0.0	5.1
432.5	0.2	1206001.0	0.0	5.1
432.7	0.2	1224001.0	0.0	5.1
432.9	0.2	1242001.0	0.0	5.1
433.1	0.2	1260001.0	0.0	5.1
433.3	0.2	1278001.0	0.0	5.1
433.5	0.2	1296001.0	0.0	5.1
433.6	0.2	1314001.0	0.0	5.1
433.8	0.2	1332001.0	0.0	5.1
434.0	0.2	1350001.0	0.0	5.1
434.1	0.2	1368001.0	0.0	5.1
434.3	0.2	1386001.0	0.0	5.1
434.5	0.2	1404001.0	0.0	5.1
434.7	0.1	1422001.0	0.0	5.1
434.8	0.1	1440001.0	0.0	5.1
435.0	0.1	1458001.0	0.0	5.1
435.1	0.1	1476001.0	0.0	5.1
435.3	0.1	1494001.0	0.0	5.1
435.4	0.1	1512001.0	0.0	5.1
435.5	0.1	1530001.0	0.0	5.1
435.6	0.1	1548001.0	0.0	5.1
435.8	0.1	1566001.0	0.0	5.1
435.9	0.1	1584001.0	0.0	5.1
436.0	0.1	1602001.0	0.0	5.1
436.1	0.1	1620001.0	0.0	5.1
436.2	0.1	1638001.0	0.0	5.1
436.3	0.1	1656001.0	0.0	5.1
436.4	0.1	1674001.0	0.0	5.1
436.5	0.1	1692001.0	0.0	5.1
436.6	0.1	1710001.0	0.0	5.1
436.7	0.1	1728001.0	0.0	5.1
436.7	0.1	1746001.0	0.0	5.1
436.8	0.1	1764001.0	0.0	5.1
436.9	0.1	1782001.0	0.0	5.1
437.0	0.1	1800001.0	0.0	5.1


