#Alge
#Param: lambda 200 Gen 1000 mutation 3 phi 10 no comma percentGood 1.0 
#Score		eval		Time
#mean	ci	mean	ci	
63.7	0.3	1400.0	0.0	4.4
69.1	0.3	2400.0	0.0	4.4
73.5	0.3	3400.0	0.0	4.4
77.2	0.3	4400.0	0.0	4.4
80.7	0.3	5400.0	0.0	4.4
83.5	0.3	6400.0	0.0	4.4
86.2	0.3	7400.0	0.0	4.4
88.7	0.2	8400.0	0.0	4.4
90.9	0.2	9400.0	0.0	4.4
92.8	0.2	10400.0	0.0	4.4
94.6	0.2	11400.0	0.0	4.4
96.5	0.2	12400.0	0.0	4.4
98.3	0.2	13400.0	0.0	4.4
99.8	0.2	14400.0	0.0	4.4
101.1	0.2	15400.0	0.0	4.4
102.4	0.2	16400.0	0.0	4.4
103.8	0.2	17400.0	0.0	4.4
105.0	0.2	18400.0	0.0	4.4
106.1	0.2	19400.0	0.0	4.4
107.3	0.2	20400.0	0.0	4.4
108.4	0.2	21400.0	0.0	4.4
109.3	0.2	22400.0	0.0	4.4
110.3	0.2	23400.0	0.0	4.4
111.3	0.2	24400.0	0.0	4.4
112.2	0.2	25400.0	0.0	4.4
113.2	0.2	26400.0	0.0	4.4
114.0	0.2	27400.0	0.0	4.4
114.8	0.2	28400.0	0.0	4.4
115.6	0.2	29400.0	0.0	4.4
116.3	0.2	30400.0	0.0	4.4
117.0	0.2	31400.0	0.0	4.4
117.8	0.2	32400.0	0.0	4.4
118.4	0.2	33400.0	0.0	4.4
119.1	0.2	34400.0	0.0	4.4
119.8	0.2	35400.0	0.0	4.4
120.4	0.2	36400.0	0.0	4.4
121.1	0.2	37400.0	0.0	4.4
121.7	0.2	38400.0	0.0	4.4
122.3	0.2	39400.0	0.0	4.4
122.8	0.2	40400.0	0.0	4.4
123.4	0.2	41400.0	0.0	4.4
123.9	0.2	42400.0	0.0	4.4
124.5	0.2	43400.0	0.0	4.4
125.0	0.2	44400.0	0.0	4.4
125.5	0.2	45400.0	0.0	4.4
126.0	0.2	46400.0	0.0	4.4
126.4	0.2	47400.0	0.0	4.4
126.9	0.2	48400.0	0.0	4.4
127.4	0.2	49400.0	0.0	4.4
127.9	0.2	50400.0	0.0	4.4
128.3	0.2	51400.0	0.0	4.4
128.7	0.2	52400.0	0.0	4.4
129.2	0.2	53400.0	0.0	4.4
129.6	0.2	54400.0	0.0	4.4
130.0	0.2	55400.0	0.0	4.4
130.4	0.2	56400.0	0.0	4.4
130.9	0.2	57400.0	0.0	4.4
131.3	0.2	58400.0	0.0	4.4
131.6	0.2	59400.0	0.0	4.4
131.9	0.2	60400.0	0.0	4.4
132.3	0.2	61400.0	0.0	4.4
132.6	0.2	62400.0	0.0	4.4
133.0	0.2	63400.0	0.0	4.4
133.4	0.2	64400.0	0.0	4.4
133.8	0.2	65400.0	0.0	4.4
134.2	0.2	66400.0	0.0	4.4
134.5	0.2	67400.0	0.0	4.4
134.8	0.2	68400.0	0.0	4.4
135.1	0.2	69400.0	0.0	4.4
135.4	0.2	70400.0	0.0	4.4
135.7	0.2	71400.0	0.0	4.4
136.0	0.2	72400.0	0.0	4.4
136.3	0.2	73400.0	0.0	4.4
136.6	0.2	74400.0	0.0	4.4
136.9	0.2	75400.0	0.0	4.4
137.2	0.2	76400.0	0.0	4.4
137.4	0.2	77400.0	0.0	4.4
137.7	0.2	78400.0	0.0	4.4
137.9	0.2	79400.0	0.0	4.4
138.2	0.2	80400.0	0.0	4.4
138.5	0.2	81400.0	0.0	4.4
138.7	0.2	82400.0	0.0	4.4
139.0	0.2	83400.0	0.0	4.4
139.2	0.2	84400.0	0.0	4.4
139.4	0.2	85400.0	0.0	4.4
139.7	0.2	86400.0	0.0	4.4
139.9	0.2	87400.0	0.0	4.4
140.2	0.2	88400.0	0.0	4.4
140.4	0.2	89400.0	0.0	4.4
140.6	0.2	90400.0	0.0	4.4
140.9	0.2	91400.0	0.0	4.4
141.1	0.2	92400.0	0.0	4.4
141.3	0.2	93400.0	0.0	4.4
141.5	0.2	94400.0	0.0	4.4
141.8	0.2	95400.0	0.0	4.4
142.0	0.2	96400.0	0.0	4.4
142.2	0.2	97400.0	0.0	4.4
142.4	0.2	98400.0	0.0	4.4
142.6	0.2	99400.0	0.0	4.4
142.8	0.2	100400.0	0.0	4.4
143.0	0.2	101400.0	0.0	4.4
143.2	0.2	102400.0	0.0	4.4
143.4	0.2	103400.0	0.0	4.4
143.6	0.2	104400.0	0.0	4.4
143.8	0.2	105400.0	0.0	4.4
144.0	0.2	106400.0	0.0	4.4
144.2	0.2	107400.0	0.0	4.4
144.4	0.2	108400.0	0.0	4.4
144.6	0.2	109400.0	0.0	4.4
144.8	0.2	110400.0	0.0	4.4
145.0	0.2	111400.0	0.0	4.4
145.1	0.2	112400.0	0.0	4.4
145.3	0.2	113400.0	0.0	4.4
145.5	0.2	114400.0	0.0	4.4
145.7	0.2	115400.0	0.0	4.4
145.9	0.2	116400.0	0.0	4.4
146.0	0.2	117400.0	0.0	4.4
146.3	0.2	118400.0	0.0	4.4
146.4	0.2	119400.0	0.0	4.4
146.6	0.2	120400.0	0.0	4.4
146.8	0.2	121400.0	0.0	4.4
146.9	0.2	122400.0	0.0	4.4
147.1	0.2	123400.0	0.0	4.4
147.3	0.2	124400.0	0.0	4.4
147.4	0.2	125400.0	0.0	4.4
147.5	0.2	126400.0	0.0	4.4
147.7	0.2	127400.0	0.0	4.4
147.8	0.2	128400.0	0.0	4.4
148.0	0.2	129400.0	0.0	4.4
148.2	0.2	130400.0	0.0	4.4
148.3	0.2	131400.0	0.0	4.4
148.5	0.2	132400.0	0.0	4.4
148.6	0.2	133400.0	0.0	4.4
148.8	0.2	134400.0	0.0	4.4
148.9	0.2	135400.0	0.0	4.4
149.1	0.2	136400.0	0.0	4.4
149.2	0.2	137400.0	0.0	4.4
149.4	0.2	138400.0	0.0	4.4
149.5	0.2	139400.0	0.0	4.4
149.6	0.2	140400.0	0.0	4.4
149.8	0.2	141400.0	0.0	4.4
149.9	0.2	142400.0	0.0	4.4
150.0	0.2	143400.0	0.0	4.4
150.1	0.2	144400.0	0.0	4.4
150.2	0.2	145400.0	0.0	4.4
150.4	0.2	146400.0	0.0	4.4
150.5	0.2	147400.0	0.0	4.4
150.6	0.2	148400.0	0.0	4.4
150.7	0.2	149400.0	0.0	4.4
150.8	0.2	150400.0	0.0	4.4
150.9	0.2	151400.0	0.0	4.4
151.1	0.2	152400.0	0.0	4.4
151.2	0.2	153400.0	0.0	4.4
151.3	0.2	154400.0	0.0	4.4
151.4	0.2	155400.0	0.0	4.4
151.5	0.2	156400.0	0.0	4.4
151.6	0.2	157400.0	0.0	4.4
151.7	0.2	158400.0	0.0	4.4
151.8	0.2	159400.0	0.0	4.4
152.0	0.2	160400.0	0.0	4.4
152.1	0.2	161400.0	0.0	4.4
152.2	0.2	162400.0	0.0	4.4
152.3	0.2	163400.0	0.0	4.4
152.4	0.2	164400.0	0.0	4.4
152.5	0.2	165400.0	0.0	4.4
152.6	0.2	166400.0	0.0	4.4
152.7	0.2	167400.0	0.0	4.4
152.8	0.2	168400.0	0.0	4.4
152.9	0.2	169400.0	0.0	4.4
152.9	0.2	170400.0	0.0	4.4
153.1	0.2	171400.0	0.0	4.4
153.1	0.2	172400.0	0.0	4.4
153.2	0.2	173400.0	0.0	4.4
153.3	0.2	174400.0	0.0	4.4
153.4	0.2	175400.0	0.0	4.4
153.5	0.2	176400.0	0.0	4.4
153.6	0.2	177400.0	0.0	4.4
153.7	0.2	178400.0	0.0	4.4
153.8	0.2	179400.0	0.0	4.4
153.8	0.2	180400.0	0.0	4.4
153.9	0.2	181400.0	0.0	4.4
154.0	0.2	182400.0	0.0	4.4
154.1	0.2	183400.0	0.0	4.4
154.2	0.2	184400.0	0.0	4.4
154.3	0.2	185400.0	0.0	4.4
154.4	0.2	186400.0	0.0	4.4
154.5	0.2	187400.0	0.0	4.4
154.6	0.2	188400.0	0.0	4.4
154.7	0.2	189400.0	0.0	4.4
154.8	0.2	190400.0	0.0	4.4
154.9	0.2	191400.0	0.0	4.4
154.9	0.2	192400.0	0.0	4.4
155.0	0.2	193400.0	0.0	4.4
155.1	0.2	194400.0	0.0	4.4
155.1	0.2	195400.0	0.0	4.4
155.2	0.2	196400.0	0.0	4.4
155.3	0.2	197400.0	0.0	4.4
155.4	0.2	198400.0	0.0	4.4
155.4	0.2	199400.0	0.0	4.4
155.5	0.2	200400.0	0.0	4.4
155.6	0.2	201400.0	0.0	4.4
155.6	0.2	202400.0	0.0	4.4
155.7	0.2	203400.0	0.0	4.4
155.8	0.2	204400.0	0.0	4.4
155.9	0.2	205400.0	0.0	4.4
155.9	0.2	206400.0	0.0	4.4
156.0	0.2	207400.0	0.0	4.4
156.0	0.2	208400.0	0.0	4.4
156.1	0.2	209400.0	0.0	4.4
156.2	0.2	210400.0	0.0	4.4
156.3	0.2	211400.0	0.0	4.4
156.3	0.2	212400.0	0.0	4.4
156.4	0.2	213400.0	0.0	4.4
156.5	0.2	214400.0	0.0	4.4
156.6	0.2	215400.0	0.0	4.4
156.7	0.2	216400.0	0.0	4.4
156.7	0.2	217400.0	0.0	4.4
156.8	0.2	218400.0	0.0	4.4
156.9	0.2	219400.0	0.0	4.4
156.9	0.2	220400.0	0.0	4.4
157.0	0.2	221400.0	0.0	4.4
157.1	0.2	222400.0	0.0	4.4
157.1	0.2	223400.0	0.0	4.4
157.2	0.2	224400.0	0.0	4.4
157.3	0.2	225400.0	0.0	4.4
157.4	0.2	226400.0	0.0	4.4
157.5	0.2	227400.0	0.0	4.4
157.5	0.2	228400.0	0.0	4.4
157.6	0.2	229400.0	0.0	4.4
157.7	0.2	230400.0	0.0	4.4
157.7	0.2	231400.0	0.0	4.4
157.8	0.2	232400.0	0.0	4.4
157.9	0.2	233400.0	0.0	4.4
157.9	0.2	234400.0	0.0	4.4
158.0	0.2	235400.0	0.0	4.4
158.1	0.2	236400.0	0.0	4.4
158.1	0.2	237400.0	0.0	4.4
158.2	0.2	238400.0	0.0	4.4
158.2	0.2	239400.0	0.0	4.4
158.3	0.2	240400.0	0.0	4.4
158.4	0.2	241400.0	0.0	4.4
158.4	0.2	242400.0	0.0	4.4
158.5	0.2	243400.0	0.0	4.4
158.5	0.2	244400.0	0.0	4.4
158.6	0.2	245400.0	0.0	4.4
158.6	0.2	246400.0	0.0	4.4
158.7	0.2	247400.0	0.0	4.4
158.7	0.2	248400.0	0.0	4.4
158.8	0.2	249400.0	0.0	4.4
158.9	0.2	250400.0	0.0	4.4
158.9	0.2	251400.0	0.0	4.4
159.0	0.2	252400.0	0.0	4.4
159.0	0.2	253400.0	0.0	4.4
159.1	0.2	254400.0	0.0	4.4
159.1	0.2	255400.0	0.0	4.4
159.2	0.2	256400.0	0.0	4.4
159.2	0.2	257400.0	0.0	4.4
159.3	0.2	258400.0	0.0	4.4
159.4	0.2	259400.0	0.0	4.4
159.4	0.2	260400.0	0.0	4.4
159.4	0.2	261400.0	0.0	4.4
159.5	0.2	262400.0	0.0	4.4
159.5	0.2	263400.0	0.0	4.4
159.6	0.2	264400.0	0.0	4.4
159.6	0.2	265400.0	0.0	4.4
159.6	0.2	266400.0	0.0	4.4
159.7	0.2	267400.0	0.0	4.4
159.8	0.2	268400.0	0.0	4.4
159.8	0.2	269400.0	0.0	4.4
159.9	0.2	270400.0	0.0	4.4
159.9	0.2	271400.0	0.0	4.4
160.0	0.2	272400.0	0.0	4.4
160.0	0.2	273400.0	0.0	4.4
160.1	0.2	274400.0	0.0	4.4
160.1	0.2	275400.0	0.0	4.4
160.2	0.2	276400.0	0.0	4.4
160.2	0.2	277400.0	0.0	4.4
160.3	0.2	278400.0	0.0	4.4
160.3	0.2	279400.0	0.0	4.4
160.4	0.2	280400.0	0.0	4.4
160.4	0.2	281400.0	0.0	4.4
160.5	0.2	282400.0	0.0	4.4
160.5	0.2	283400.0	0.0	4.4
160.6	0.2	284400.0	0.0	4.4
160.6	0.2	285400.0	0.0	4.4
160.6	0.2	286400.0	0.0	4.4
160.7	0.2	287400.0	0.0	4.4
160.7	0.2	288400.0	0.0	4.4
160.8	0.2	289400.0	0.0	4.4
160.8	0.2	290400.0	0.0	4.4
160.8	0.2	291400.0	0.0	4.4
160.9	0.2	292400.0	0.0	4.4
160.9	0.2	293400.0	0.0	4.4
161.0	0.2	294400.0	0.0	4.4
161.0	0.2	295400.0	0.0	4.4
161.1	0.2	296400.0	0.0	4.4
161.1	0.2	297400.0	0.0	4.4
161.1	0.2	298400.0	0.0	4.4
161.2	0.2	299400.0	0.0	4.4
161.2	0.2	300400.0	0.0	4.4
161.2	0.2	301400.0	0.0	4.4
161.3	0.2	302400.0	0.0	4.4
161.3	0.2	303400.0	0.0	4.4
161.4	0.2	304400.0	0.0	4.4
161.4	0.2	305400.0	0.0	4.4
161.4	0.2	306400.0	0.0	4.4
161.5	0.2	307400.0	0.0	4.4
161.5	0.2	308400.0	0.0	4.4
161.5	0.2	309400.0	0.0	4.4
161.6	0.2	310400.0	0.0	4.4
161.6	0.2	311400.0	0.0	4.4
161.6	0.2	312400.0	0.0	4.4
161.7	0.2	313400.0	0.0	4.4
161.7	0.2	314400.0	0.0	4.4
161.8	0.2	315400.0	0.0	4.4
161.8	0.2	316400.0	0.0	4.4
161.9	0.2	317400.0	0.0	4.4
161.9	0.2	318400.0	0.0	4.4
161.9	0.2	319400.0	0.0	4.4
162.0	0.2	320400.0	0.0	4.4
162.0	0.2	321400.0	0.0	4.4
162.0	0.2	322400.0	0.0	4.4
162.0	0.2	323400.0	0.0	4.4
162.1	0.2	324400.0	0.0	4.4
162.1	0.2	325400.0	0.0	4.4
162.1	0.2	326400.0	0.0	4.4
162.2	0.2	327400.0	0.0	4.4
162.2	0.2	328400.0	0.0	4.4
162.2	0.2	329400.0	0.0	4.4
162.3	0.2	330400.0	0.0	4.4
162.3	0.2	331400.0	0.0	4.4
162.3	0.2	332400.0	0.0	4.4
162.3	0.2	333400.0	0.0	4.4
162.4	0.2	334400.0	0.0	4.4
162.4	0.2	335400.0	0.0	4.4
162.4	0.2	336400.0	0.0	4.4
162.4	0.2	337400.0	0.0	4.4
162.5	0.2	338400.0	0.0	4.4
162.5	0.2	339400.0	0.0	4.4
162.5	0.2	340400.0	0.0	4.4
162.6	0.2	341400.0	0.0	4.4
162.6	0.2	342400.0	0.0	4.4
162.6	0.2	343400.0	0.0	4.4
162.7	0.2	344400.0	0.0	4.4
162.7	0.2	345400.0	0.0	4.4
162.7	0.2	346400.0	0.0	4.4
162.7	0.2	347400.0	0.0	4.4
162.8	0.2	348400.0	0.0	4.4
162.8	0.2	349400.0	0.0	4.4
162.8	0.2	350400.0	0.0	4.4
162.8	0.2	351400.0	0.0	4.4
162.9	0.2	352400.0	0.0	4.4
162.9	0.2	353400.0	0.0	4.4
162.9	0.2	354400.0	0.0	4.4
163.0	0.2	355400.0	0.0	4.4
163.0	0.2	356400.0	0.0	4.4
163.0	0.2	357400.0	0.0	4.4
163.1	0.2	358400.0	0.0	4.4
163.1	0.2	359400.0	0.0	4.4
163.1	0.2	360400.0	0.0	4.4
163.1	0.2	361400.0	0.0	4.4
163.2	0.2	362400.0	0.0	4.4
163.2	0.2	363400.0	0.0	4.4
163.2	0.2	364400.0	0.0	4.4
163.3	0.2	365400.0	0.0	4.4
163.3	0.2	366400.0	0.0	4.4
163.3	0.2	367400.0	0.0	4.4
163.4	0.2	368400.0	0.0	4.4
163.4	0.2	369400.0	0.0	4.4
163.4	0.2	370400.0	0.0	4.4
163.4	0.2	371400.0	0.0	4.4
163.5	0.2	372400.0	0.0	4.4
163.5	0.2	373400.0	0.0	4.4
163.5	0.2	374400.0	0.0	4.4
163.6	0.2	375400.0	0.0	4.4
163.6	0.2	376400.0	0.0	4.4
163.6	0.2	377400.0	0.0	4.4
163.6	0.2	378400.0	0.0	4.4
163.7	0.2	379400.0	0.0	4.4
163.7	0.2	380400.0	0.0	4.4
163.7	0.2	381400.0	0.0	4.4
163.7	0.2	382400.0	0.0	4.4
163.8	0.2	383400.0	0.0	4.4
163.8	0.2	384400.0	0.0	4.4
163.8	0.2	385400.0	0.0	4.4
163.8	0.2	386400.0	0.0	4.4
163.9	0.2	387400.0	0.0	4.4
163.9	0.2	388400.0	0.0	4.4
163.9	0.2	389400.0	0.0	4.4
163.9	0.2	390400.0	0.0	4.4
163.9	0.2	391400.0	0.0	4.4
163.9	0.2	392400.0	0.0	4.4
164.0	0.2	393400.0	0.0	4.4
164.0	0.2	394400.0	0.0	4.4
164.0	0.2	395400.0	0.0	4.4
164.0	0.2	396400.0	0.0	4.4
164.1	0.2	397400.0	0.0	4.4
164.1	0.2	398400.0	0.0	4.4
164.1	0.2	399400.0	0.0	4.4
164.1	0.2	400400.0	0.0	4.4
164.1	0.2	401400.0	0.0	4.4
164.2	0.2	402400.0	0.0	4.4
164.2	0.2	403400.0	0.0	4.4
164.2	0.2	404400.0	0.0	4.4
164.2	0.2	405400.0	0.0	4.4
164.3	0.2	406400.0	0.0	4.4
164.3	0.2	407400.0	0.0	4.4
164.3	0.2	408400.0	0.0	4.4
164.4	0.2	409400.0	0.0	4.4
164.4	0.2	410400.0	0.0	4.4
164.4	0.2	411400.0	0.0	4.4
164.4	0.2	412400.0	0.0	4.4
164.4	0.2	413400.0	0.0	4.4
164.5	0.2	414400.0	0.0	4.4
164.5	0.2	415400.0	0.0	4.4
164.5	0.2	416400.0	0.0	4.4
164.5	0.2	417400.0	0.0	4.4
164.6	0.2	418400.0	0.0	4.4
164.6	0.2	419400.0	0.0	4.4
164.6	0.2	420400.0	0.0	4.4
164.6	0.2	421400.0	0.0	4.4
164.6	0.2	422400.0	0.0	4.4
164.6	0.2	423400.0	0.0	4.4
164.7	0.2	424400.0	0.0	4.4
164.7	0.2	425400.0	0.0	4.4
164.7	0.2	426400.0	0.0	4.4
164.7	0.2	427400.0	0.0	4.4
164.7	0.2	428400.0	0.0	4.4
164.7	0.2	429400.0	0.0	4.4
164.8	0.2	430400.0	0.0	4.4
164.8	0.2	431400.0	0.0	4.4
164.8	0.2	432400.0	0.0	4.4
164.8	0.2	433400.0	0.0	4.4
164.8	0.2	434400.0	0.0	4.4
164.9	0.2	435400.0	0.0	4.4
164.9	0.2	436400.0	0.0	4.4
164.9	0.2	437400.0	0.0	4.4
164.9	0.2	438400.0	0.0	4.4
164.9	0.2	439400.0	0.0	4.4
165.0	0.2	440400.0	0.0	4.4
165.0	0.2	441400.0	0.0	4.4
165.0	0.2	442400.0	0.0	4.4
165.0	0.2	443400.0	0.0	4.4
165.0	0.2	444400.0	0.0	4.4
165.0	0.2	445400.0	0.0	4.4
165.1	0.2	446400.0	0.0	4.4
165.1	0.2	447400.0	0.0	4.4
165.1	0.2	448400.0	0.0	4.4
165.1	0.2	449400.0	0.0	4.4
165.2	0.2	450400.0	0.0	4.4
165.2	0.2	451400.0	0.0	4.4
165.2	0.2	452400.0	0.0	4.4
165.2	0.2	453400.0	0.0	4.4
165.2	0.2	454400.0	0.0	4.4
165.2	0.2	455400.0	0.0	4.4
165.2	0.2	456400.0	0.0	4.4
165.3	0.2	457400.0	0.0	4.4
165.3	0.2	458400.0	0.0	4.4
165.3	0.2	459400.0	0.0	4.4
165.3	0.2	460400.0	0.0	4.4
165.3	0.2	461400.0	0.0	4.4
165.3	0.2	462400.0	0.0	4.4
165.3	0.2	463400.0	0.0	4.4
165.3	0.2	464400.0	0.0	4.4
165.4	0.2	465400.0	0.0	4.4
165.4	0.2	466400.0	0.0	4.4
165.4	0.2	467400.0	0.0	4.4
165.4	0.2	468400.0	0.0	4.4
165.4	0.2	469400.0	0.0	4.4
165.4	0.2	470400.0	0.0	4.4
165.5	0.2	471400.0	0.0	4.4
165.5	0.2	472400.0	0.0	4.4
165.5	0.2	473400.0	0.0	4.4
165.5	0.2	474400.0	0.0	4.4
165.5	0.2	475400.0	0.0	4.4
165.5	0.2	476400.0	0.0	4.4
165.5	0.2	477400.0	0.0	4.4
165.5	0.2	478400.0	0.0	4.4
165.5	0.2	479400.0	0.0	4.4
165.6	0.2	480400.0	0.0	4.4
165.6	0.2	481400.0	0.0	4.4
165.6	0.2	482400.0	0.0	4.4
165.6	0.2	483400.0	0.0	4.4
165.6	0.2	484400.0	0.0	4.4
165.6	0.2	485400.0	0.0	4.4
165.6	0.2	486400.0	0.0	4.4
165.7	0.2	487400.0	0.0	4.4
165.7	0.2	488400.0	0.0	4.4
165.7	0.2	489400.0	0.0	4.4
165.7	0.2	490400.0	0.0	4.4
165.7	0.2	491400.0	0.0	4.4
165.7	0.2	492400.0	0.0	4.4
165.7	0.2	493400.0	0.0	4.4
165.7	0.2	494400.0	0.0	4.4
165.8	0.2	495400.0	0.0	4.4
165.8	0.2	496400.0	0.0	4.4
165.8	0.2	497400.0	0.0	4.4
165.8	0.2	498400.0	0.0	4.4
165.8	0.2	499400.0	0.0	4.4
165.8	0.2	500400.0	0.0	4.4
165.8	0.2	501400.0	0.0	4.4
165.8	0.2	502400.0	0.0	4.4
165.9	0.2	503400.0	0.0	4.4
165.9	0.2	504400.0	0.0	4.4
165.9	0.2	505400.0	0.0	4.4
165.9	0.2	506400.0	0.0	4.4
165.9	0.2	507400.0	0.0	4.4
165.9	0.2	508400.0	0.0	4.4
165.9	0.2	509400.0	0.0	4.4
165.9	0.2	510400.0	0.0	4.4
165.9	0.2	511400.0	0.0	4.4
166.0	0.2	512400.0	0.0	4.4
166.0	0.2	513400.0	0.0	4.4
166.0	0.2	514400.0	0.0	4.4
166.0	0.2	515400.0	0.0	4.4
166.0	0.2	516400.0	0.0	4.4
166.0	0.2	517400.0	0.0	4.4
166.0	0.2	518400.0	0.0	4.4
166.0	0.2	519400.0	0.0	4.4
166.0	0.2	520400.0	0.0	4.4
166.1	0.2	521400.0	0.0	4.4
166.1	0.2	522400.0	0.0	4.4
166.1	0.2	523400.0	0.0	4.4
166.1	0.2	524400.0	0.0	4.4
166.1	0.2	525400.0	0.0	4.4
166.1	0.2	526400.0	0.0	4.4
166.1	0.2	527400.0	0.0	4.4
166.1	0.2	528400.0	0.0	4.4
166.1	0.2	529400.0	0.0	4.4
166.1	0.2	530400.0	0.0	4.4
166.1	0.2	531400.0	0.0	4.4
166.2	0.2	532400.0	0.0	4.4
166.2	0.2	533400.0	0.0	4.4
166.2	0.2	534400.0	0.0	4.4
166.2	0.2	535400.0	0.0	4.4
166.2	0.2	536400.0	0.0	4.4
166.2	0.2	537400.0	0.0	4.4
166.2	0.2	538400.0	0.0	4.4
166.2	0.2	539400.0	0.0	4.4
166.3	0.2	540400.0	0.0	4.4
166.3	0.2	541400.0	0.0	4.4
166.3	0.2	542400.0	0.0	4.4
166.3	0.2	543400.0	0.0	4.4
166.3	0.2	544400.0	0.0	4.4
166.3	0.2	545400.0	0.0	4.4
166.3	0.2	546400.0	0.0	4.4
166.3	0.2	547400.0	0.0	4.4
166.3	0.2	548400.0	0.0	4.4
166.3	0.2	549400.0	0.0	4.4
166.4	0.2	550400.0	0.0	4.4
166.4	0.2	551400.0	0.0	4.4
166.4	0.2	552400.0	0.0	4.4
166.4	0.2	553400.0	0.0	4.4
166.4	0.2	554400.0	0.0	4.4
166.4	0.2	555400.0	0.0	4.4
166.4	0.2	556400.0	0.0	4.4
166.4	0.2	557400.0	0.0	4.4
166.4	0.2	558400.0	0.0	4.4
166.4	0.2	559400.0	0.0	4.4
166.5	0.2	560400.0	0.0	4.4
166.5	0.2	561400.0	0.0	4.4
166.5	0.2	562400.0	0.0	4.4
166.5	0.2	563400.0	0.0	4.4
166.5	0.2	564400.0	0.0	4.4
166.5	0.2	565400.0	0.0	4.4
166.5	0.2	566400.0	0.0	4.4
166.5	0.2	567400.0	0.0	4.4
166.5	0.2	568400.0	0.0	4.4
166.5	0.2	569400.0	0.0	4.4
166.5	0.2	570400.0	0.0	4.4
166.5	0.2	571400.0	0.0	4.4
166.5	0.2	572400.0	0.0	4.4
166.6	0.2	573400.0	0.0	4.4
166.6	0.2	574400.0	0.0	4.4
166.6	0.2	575400.0	0.0	4.4
166.6	0.2	576400.0	0.0	4.4
166.6	0.2	577400.0	0.0	4.4
166.6	0.2	578400.0	0.0	4.4
166.6	0.2	579400.0	0.0	4.4
166.6	0.2	580400.0	0.0	4.4
166.6	0.2	581400.0	0.0	4.4
166.6	0.2	582400.0	0.0	4.4
166.6	0.2	583400.0	0.0	4.4
166.6	0.2	584400.0	0.0	4.4
166.7	0.2	585400.0	0.0	4.4
166.7	0.2	586400.0	0.0	4.4
166.7	0.2	587400.0	0.0	4.4
166.7	0.2	588400.0	0.0	4.4
166.7	0.2	589400.0	0.0	4.4
166.7	0.2	590400.0	0.0	4.4
166.7	0.2	591400.0	0.0	4.4
166.7	0.2	592400.0	0.0	4.4
166.7	0.2	593400.0	0.0	4.4
166.7	0.2	594400.0	0.0	4.4
166.7	0.2	595400.0	0.0	4.4
166.8	0.2	596400.0	0.0	4.4
166.8	0.2	597400.0	0.0	4.4
166.8	0.2	598400.0	0.0	4.4
166.8	0.2	599400.0	0.0	4.4
166.8	0.2	600400.0	0.0	4.4
166.8	0.2	601400.0	0.0	4.4
166.8	0.2	602400.0	0.0	4.4
166.8	0.2	603400.0	0.0	4.4
166.8	0.2	604400.0	0.0	4.4
166.8	0.2	605400.0	0.0	4.4
166.8	0.2	606400.0	0.0	4.4
166.8	0.2	607400.0	0.0	4.4
166.8	0.2	608400.0	0.0	4.4
166.8	0.2	609400.0	0.0	4.4
166.9	0.2	610400.0	0.0	4.4
166.9	0.2	611400.0	0.0	4.4
166.9	0.2	612400.0	0.0	4.4
166.9	0.2	613400.0	0.0	4.4
166.9	0.2	614400.0	0.0	4.4
166.9	0.2	615400.0	0.0	4.4
166.9	0.2	616400.0	0.0	4.4
166.9	0.2	617400.0	0.0	4.4
166.9	0.2	618400.0	0.0	4.4
166.9	0.2	619400.0	0.0	4.4
166.9	0.2	620400.0	0.0	4.4
166.9	0.2	621400.0	0.0	4.4
166.9	0.2	622400.0	0.0	4.4
166.9	0.2	623400.0	0.0	4.4
166.9	0.2	624400.0	0.0	4.4
166.9	0.2	625400.0	0.0	4.4
167.0	0.2	626400.0	0.0	4.4
167.0	0.2	627400.0	0.0	4.4
167.0	0.2	628400.0	0.0	4.4
167.0	0.2	629400.0	0.0	4.4
167.0	0.2	630400.0	0.0	4.4
167.0	0.2	631400.0	0.0	4.4
167.0	0.2	632400.0	0.0	4.4
167.0	0.2	633400.0	0.0	4.4
167.0	0.2	634400.0	0.0	4.4
167.0	0.2	635400.0	0.0	4.4
167.0	0.2	636400.0	0.0	4.4
167.0	0.2	637400.0	0.0	4.4
167.0	0.2	638400.0	0.0	4.4
167.0	0.2	639400.0	0.0	4.4
167.0	0.2	640400.0	0.0	4.4
167.0	0.2	641400.0	0.0	4.4
167.0	0.2	642400.0	0.0	4.4
167.0	0.2	643400.0	0.0	4.4
167.0	0.2	644400.0	0.0	4.4
167.1	0.2	645400.0	0.0	4.4
167.1	0.2	646400.0	0.0	4.4
167.1	0.2	647400.0	0.0	4.4
167.1	0.2	648400.0	0.0	4.4
167.1	0.2	649400.0	0.0	4.4
167.1	0.2	650400.0	0.0	4.4
167.1	0.2	651400.0	0.0	4.4
167.1	0.2	652400.0	0.0	4.4
167.1	0.2	653400.0	0.0	4.4
167.1	0.2	654400.0	0.0	4.4
167.1	0.2	655400.0	0.0	4.4
167.1	0.2	656400.0	0.0	4.4
167.1	0.2	657400.0	0.0	4.4
167.1	0.2	658400.0	0.0	4.4
167.1	0.2	659400.0	0.0	4.4
167.1	0.2	660400.0	0.0	4.4
167.1	0.2	661400.0	0.0	4.4
167.1	0.2	662400.0	0.0	4.4
167.1	0.2	663400.0	0.0	4.4
167.1	0.2	664400.0	0.0	4.4
167.1	0.2	665400.0	0.0	4.4
167.1	0.2	666400.0	0.0	4.4
167.2	0.2	667400.0	0.0	4.4
167.2	0.2	668400.0	0.0	4.4
167.2	0.2	669400.0	0.0	4.4
167.2	0.2	670400.0	0.0	4.4
167.2	0.2	671400.0	0.0	4.4
167.2	0.2	672400.0	0.0	4.4
167.2	0.2	673400.0	0.0	4.4
167.2	0.2	674400.0	0.0	4.4
167.2	0.2	675400.0	0.0	4.4
167.2	0.2	676400.0	0.0	4.4
167.2	0.2	677400.0	0.0	4.4
167.2	0.2	678400.0	0.0	4.4
167.2	0.2	679400.0	0.0	4.4
167.2	0.2	680400.0	0.0	4.4
167.2	0.2	681400.0	0.0	4.4
167.2	0.2	682400.0	0.0	4.4
167.2	0.2	683400.0	0.0	4.4
167.2	0.2	684400.0	0.0	4.4
167.2	0.2	685400.0	0.0	4.4
167.2	0.2	686400.0	0.0	4.4
167.2	0.2	687400.0	0.0	4.4
167.3	0.2	688400.0	0.0	4.4
167.3	0.2	689400.0	0.0	4.4
167.3	0.2	690400.0	0.0	4.4
167.3	0.2	691400.0	0.0	4.4
167.3	0.2	692400.0	0.0	4.4
167.3	0.2	693400.0	0.0	4.4
167.3	0.2	694400.0	0.0	4.4
167.3	0.2	695400.0	0.0	4.4
167.3	0.2	696400.0	0.0	4.4
167.3	0.2	697400.0	0.0	4.4
167.3	0.2	698400.0	0.0	4.4
167.3	0.2	699400.0	0.0	4.4
167.3	0.2	700400.0	0.0	4.4
167.3	0.2	701400.0	0.0	4.4
167.3	0.2	702400.0	0.0	4.4
167.3	0.2	703400.0	0.0	4.4
167.3	0.2	704400.0	0.0	4.4
167.3	0.2	705400.0	0.0	4.4
167.3	0.2	706400.0	0.0	4.4
167.3	0.2	707400.0	0.0	4.4
167.3	0.2	708400.0	0.0	4.4
167.3	0.2	709400.0	0.0	4.4
167.3	0.2	710400.0	0.0	4.4
167.4	0.2	711400.0	0.0	4.4
167.4	0.2	712400.0	0.0	4.4
167.4	0.2	713400.0	0.0	4.4
167.4	0.2	714400.0	0.0	4.4
167.4	0.2	715400.0	0.0	4.4
167.4	0.2	716400.0	0.0	4.4
167.4	0.2	717400.0	0.0	4.4
167.4	0.2	718400.0	0.0	4.4
167.4	0.2	719400.0	0.0	4.4
167.4	0.2	720400.0	0.0	4.4
167.4	0.2	721400.0	0.0	4.4
167.4	0.2	722400.0	0.0	4.4
167.4	0.2	723400.0	0.0	4.4
167.4	0.2	724400.0	0.0	4.4
167.4	0.2	725400.0	0.0	4.4
167.4	0.2	726400.0	0.0	4.4
167.4	0.2	727400.0	0.0	4.4
167.4	0.2	728400.0	0.0	4.4
167.4	0.2	729400.0	0.0	4.4
167.4	0.2	730400.0	0.0	4.4
167.4	0.2	731400.0	0.0	4.4
167.4	0.2	732400.0	0.0	4.4
167.4	0.2	733400.0	0.0	4.4
167.4	0.2	734400.0	0.0	4.4
167.4	0.2	735400.0	0.0	4.4
167.5	0.2	736400.0	0.0	4.4
167.5	0.2	737400.0	0.0	4.4
167.5	0.2	738400.0	0.0	4.4
167.5	0.2	739400.0	0.0	4.4
167.5	0.2	740400.0	0.0	4.4
167.5	0.2	741400.0	0.0	4.4
167.5	0.2	742400.0	0.0	4.4
167.5	0.2	743400.0	0.0	4.4
167.5	0.2	744400.0	0.0	4.4
167.5	0.2	745400.0	0.0	4.4
167.5	0.2	746400.0	0.0	4.4
167.5	0.2	747400.0	0.0	4.4
167.5	0.2	748400.0	0.0	4.4
167.5	0.2	749400.0	0.0	4.4
167.5	0.2	750400.0	0.0	4.4
167.5	0.2	751400.0	0.0	4.4
167.5	0.2	752400.0	0.0	4.4
167.5	0.2	753400.0	0.0	4.4
167.5	0.2	754400.0	0.0	4.4
167.5	0.2	755400.0	0.0	4.4
167.5	0.2	756400.0	0.0	4.4
167.5	0.2	757400.0	0.0	4.4
167.5	0.2	758400.0	0.0	4.4
167.5	0.2	759400.0	0.0	4.4
167.5	0.2	760400.0	0.0	4.4
167.5	0.2	761400.0	0.0	4.4
167.5	0.2	762400.0	0.0	4.4
167.5	0.2	763400.0	0.0	4.4
167.5	0.2	764400.0	0.0	4.4
167.5	0.2	765400.0	0.0	4.4
167.5	0.2	766400.0	0.0	4.4
167.5	0.2	767400.0	0.0	4.4
167.5	0.2	768400.0	0.0	4.4
167.5	0.2	769400.0	0.0	4.4
167.5	0.2	770400.0	0.0	4.4
167.5	0.2	771400.0	0.0	4.4
167.5	0.2	772400.0	0.0	4.4
167.5	0.2	773400.0	0.0	4.4
167.5	0.2	774400.0	0.0	4.4
167.5	0.2	775400.0	0.0	4.4
167.5	0.2	776400.0	0.0	4.4
167.5	0.2	777400.0	0.0	4.4
167.5	0.2	778400.0	0.0	4.4
167.5	0.2	779400.0	0.0	4.4
167.5	0.2	780400.0	0.0	4.4
167.6	0.2	781400.0	0.0	4.4
167.6	0.2	782400.0	0.0	4.4
167.6	0.2	783400.0	0.0	4.4
167.6	0.2	784400.0	0.0	4.4
167.6	0.2	785400.0	0.0	4.4
167.6	0.2	786400.0	0.0	4.4
167.6	0.2	787400.0	0.0	4.4
167.6	0.2	788400.0	0.0	4.4
167.6	0.2	789400.0	0.0	4.4
167.6	0.2	790400.0	0.0	4.4
167.6	0.2	791400.0	0.0	4.4
167.6	0.2	792400.0	0.0	4.4
167.6	0.2	793400.0	0.0	4.4
167.6	0.2	794400.0	0.0	4.4
167.6	0.2	795400.0	0.0	4.4
167.6	0.2	796400.0	0.0	4.4
167.6	0.2	797400.0	0.0	4.4
167.6	0.2	798400.0	0.0	4.4
167.6	0.2	799400.0	0.0	4.4
167.6	0.2	800400.0	0.0	4.4
167.6	0.2	801400.0	0.0	4.4
167.6	0.2	802400.0	0.0	4.4
167.6	0.2	803400.0	0.0	4.4
167.6	0.2	804400.0	0.0	4.4
167.6	0.2	805400.0	0.0	4.4
167.6	0.2	806400.0	0.0	4.4
167.6	0.2	807400.0	0.0	4.4
167.6	0.2	808400.0	0.0	4.4
167.6	0.2	809400.0	0.0	4.4
167.6	0.2	810400.0	0.0	4.4
167.6	0.2	811400.0	0.0	4.4
167.6	0.2	812400.0	0.0	4.4
167.6	0.2	813400.0	0.0	4.4
167.6	0.2	814400.0	0.0	4.4
167.6	0.2	815400.0	0.0	4.4
167.6	0.2	816400.0	0.0	4.4
167.6	0.2	817400.0	0.0	4.4
167.6	0.2	818400.0	0.0	4.4
167.6	0.2	819400.0	0.0	4.4
167.6	0.2	820400.0	0.0	4.4
167.6	0.2	821400.0	0.0	4.4
167.6	0.2	822400.0	0.0	4.4
167.6	0.2	823400.0	0.0	4.4
167.6	0.2	824400.0	0.0	4.4
167.6	0.2	825400.0	0.0	4.4
167.6	0.2	826400.0	0.0	4.4
167.6	0.2	827400.0	0.0	4.4
167.6	0.2	828400.0	0.0	4.4
167.6	0.2	829400.0	0.0	4.4
167.6	0.2	830400.0	0.0	4.4
167.6	0.2	831400.0	0.0	4.4
167.6	0.2	832400.0	0.0	4.4
167.6	0.2	833400.0	0.0	4.4
167.7	0.2	834400.0	0.0	4.4
167.7	0.2	835400.0	0.0	4.4
167.7	0.2	836400.0	0.0	4.4
167.7	0.2	837400.0	0.0	4.4
167.7	0.2	838400.0	0.0	4.4
167.7	0.2	839400.0	0.0	4.4
167.7	0.2	840400.0	0.0	4.4
167.7	0.2	841400.0	0.0	4.4
167.7	0.2	842400.0	0.0	4.4
167.7	0.2	843400.0	0.0	4.4
167.7	0.2	844400.0	0.0	4.4
167.7	0.2	845400.0	0.0	4.4
167.7	0.2	846400.0	0.0	4.4
167.7	0.2	847400.0	0.0	4.4
167.7	0.2	848400.0	0.0	4.4
167.7	0.2	849400.0	0.0	4.4
167.7	0.2	850400.0	0.0	4.4
167.7	0.2	851400.0	0.0	4.4
167.7	0.2	852400.0	0.0	4.4
167.7	0.2	853400.0	0.0	4.4
167.7	0.2	854400.0	0.0	4.4
167.7	0.2	855400.0	0.0	4.4
167.7	0.2	856400.0	0.0	4.4
167.7	0.2	857400.0	0.0	4.4
167.7	0.2	858400.0	0.0	4.4
167.7	0.2	859400.0	0.0	4.4
167.7	0.2	860400.0	0.0	4.4
167.7	0.2	861400.0	0.0	4.4
167.7	0.2	862400.0	0.0	4.4
167.7	0.2	863400.0	0.0	4.4
167.7	0.2	864400.0	0.0	4.4
167.7	0.2	865400.0	0.0	4.4
167.7	0.2	866400.0	0.0	4.4
167.7	0.2	867400.0	0.0	4.4
167.7	0.2	868400.0	0.0	4.4
167.7	0.2	869400.0	0.0	4.4
167.7	0.2	870400.0	0.0	4.4
167.7	0.2	871400.0	0.0	4.4
167.7	0.2	872400.0	0.0	4.4
167.7	0.2	873400.0	0.0	4.4
167.7	0.2	874400.0	0.0	4.4
167.7	0.2	875400.0	0.0	4.4
167.7	0.2	876400.0	0.0	4.4
167.7	0.2	877400.0	0.0	4.4
167.7	0.2	878400.0	0.0	4.4
167.7	0.2	879400.0	0.0	4.4
167.7	0.2	880400.0	0.0	4.4
167.7	0.2	881400.0	0.0	4.4
167.7	0.2	882400.0	0.0	4.4
167.7	0.2	883400.0	0.0	4.4
167.7	0.2	884400.0	0.0	4.4
167.7	0.2	885400.0	0.0	4.4
167.8	0.2	886400.0	0.0	4.4
167.8	0.2	887400.0	0.0	4.4
167.8	0.2	888400.0	0.0	4.4
167.8	0.2	889400.0	0.0	4.4
167.8	0.2	890400.0	0.0	4.4
167.8	0.2	891400.0	0.0	4.4
167.8	0.2	892400.0	0.0	4.4
167.8	0.2	893400.0	0.0	4.4
167.8	0.2	894400.0	0.0	4.4
167.8	0.2	895400.0	0.0	4.4
167.8	0.2	896400.0	0.0	4.4
167.8	0.2	897400.0	0.0	4.4
167.8	0.2	898400.0	0.0	4.4
167.8	0.2	899400.0	0.0	4.4
167.8	0.2	900400.0	0.0	4.4
167.8	0.2	901400.0	0.0	4.4
167.8	0.2	902400.0	0.0	4.4
167.8	0.2	903400.0	0.0	4.4
167.8	0.2	904400.0	0.0	4.4
167.8	0.2	905400.0	0.0	4.4
167.8	0.2	906400.0	0.0	4.4
167.8	0.2	907400.0	0.0	4.4
167.8	0.2	908400.0	0.0	4.4
167.8	0.2	909400.0	0.0	4.4
167.8	0.2	910400.0	0.0	4.4
167.8	0.2	911400.0	0.0	4.4
167.8	0.2	912400.0	0.0	4.4
167.8	0.2	913400.0	0.0	4.4
167.8	0.2	914400.0	0.0	4.4
167.8	0.2	915400.0	0.0	4.4
167.8	0.2	916400.0	0.0	4.4
167.8	0.2	917400.0	0.0	4.4
167.8	0.2	918400.0	0.0	4.4
167.8	0.2	919400.0	0.0	4.4
167.8	0.2	920400.0	0.0	4.4
167.8	0.2	921400.0	0.0	4.4
167.8	0.2	922400.0	0.0	4.4
167.8	0.2	923400.0	0.0	4.4
167.8	0.2	924400.0	0.0	4.4
167.8	0.2	925400.0	0.0	4.4
167.8	0.2	926400.0	0.0	4.4
167.8	0.2	927400.0	0.0	4.4
167.8	0.2	928400.0	0.0	4.4
167.8	0.2	929400.0	0.0	4.4
167.8	0.2	930400.0	0.0	4.4
167.8	0.2	931400.0	0.0	4.4
167.8	0.2	932400.0	0.0	4.4
167.8	0.2	933400.0	0.0	4.4
167.8	0.2	934400.0	0.0	4.4
167.8	0.2	935400.0	0.0	4.4
167.8	0.2	936400.0	0.0	4.4
167.8	0.2	937400.0	0.0	4.4
167.8	0.2	938400.0	0.0	4.4
167.8	0.2	939400.0	0.0	4.4
167.8	0.2	940400.0	0.0	4.4
167.8	0.2	941400.0	0.0	4.4
167.8	0.2	942400.0	0.0	4.4
167.8	0.2	943400.0	0.0	4.4
167.8	0.2	944400.0	0.0	4.4
167.8	0.2	945400.0	0.0	4.4
167.8	0.2	946400.0	0.0	4.4
167.8	0.2	947400.0	0.0	4.4
167.8	0.2	948400.0	0.0	4.4
167.8	0.2	949400.0	0.0	4.4
167.8	0.2	950400.0	0.0	4.4
167.8	0.2	951400.0	0.0	4.4
167.8	0.2	952400.0	0.0	4.4
167.8	0.2	953400.0	0.0	4.4
167.8	0.2	954400.0	0.0	4.4
167.8	0.2	955400.0	0.0	4.4
167.8	0.2	956400.0	0.0	4.4
167.8	0.2	957400.0	0.0	4.4
167.8	0.2	958400.0	0.0	4.4
167.8	0.2	959400.0	0.0	4.4
167.8	0.2	960400.0	0.0	4.4
167.8	0.2	961400.0	0.0	4.4
167.8	0.2	962400.0	0.0	4.4
167.8	0.2	963400.0	0.0	4.4
167.8	0.2	964400.0	0.0	4.4
167.8	0.2	965400.0	0.0	4.4
167.8	0.2	966400.0	0.0	4.4
167.8	0.2	967400.0	0.0	4.4
167.8	0.2	968400.0	0.0	4.4
167.9	0.2	969400.0	0.0	4.4
167.9	0.2	970400.0	0.0	4.4
167.9	0.2	971400.0	0.0	4.4
167.9	0.2	972400.0	0.0	4.4
167.9	0.2	973400.0	0.0	4.4
167.9	0.2	974400.0	0.0	4.4
167.9	0.2	975400.0	0.0	4.4
167.9	0.2	976400.0	0.0	4.4
167.9	0.2	977400.0	0.0	4.4
167.9	0.2	978400.0	0.0	4.4
167.9	0.2	979400.0	0.0	4.4
167.9	0.2	980400.0	0.0	4.4
167.9	0.2	981400.0	0.0	4.4
167.9	0.2	982400.0	0.0	4.4
167.9	0.2	983400.0	0.0	4.4
167.9	0.2	984400.0	0.0	4.4
167.9	0.2	985400.0	0.0	4.4
167.9	0.2	986400.0	0.0	4.4
167.9	0.2	987400.0	0.0	4.4
167.9	0.2	988400.0	0.0	4.4
167.9	0.2	989400.0	0.0	4.4
167.9	0.2	990400.0	0.0	4.4
167.9	0.2	991400.0	0.0	4.4
167.9	0.2	992400.0	0.0	4.4
167.9	0.2	993400.0	0.0	4.4
167.9	0.2	994400.0	0.0	4.4
167.9	0.2	995400.0	0.0	4.4
167.9	0.2	996400.0	0.0	4.4
167.9	0.2	997400.0	0.0	4.4
167.9	0.2	998400.0	0.0	4.4
167.9	0.2	999400.0	0.0	4.4
167.9	0.2	1000400.0	0.0	4.4
167.9	0.2	1000400.0	0.0	4.4
